Current (mA)	Voltage (V)	Power (mW)
-5.000000000	-6.000621000	-0.000001556
-4.000000000	-6.000580000	-0.000000502
-3.000000000	-5.553593000	-0.000000383
-2.000000000	-3.769429000	-0.000000143
-1.000000000	-1.962855000	-0.000000369
0.000000000	0.000508886	0.000000303
1.000000000	1.644942000	0.000000583
2.000000000	1.740622000	0.000010164
3.000000000	1.768323000	0.000026399
4.000000000	1.787349000	0.000042592
5.000000000	1.802905000	0.000058573
6.000000000	1.816500000	0.000074462
7.000000000	1.828866000	0.000089948
8.000000000	1.840277000	0.000105416
9.000000000	1.851139000	0.000120433
10.000000000	1.861475000	0.000135097
11.000000000	1.871331000	0.000148400
12.000000000	1.880964000	0.000163677
13.000000000	1.890319000	0.000177809
14.000000000	1.899358000	0.000191134
15.000000000	1.908256000	0.000205077
16.000000000	1.916982000	0.000218439
17.000000000	1.925499000	0.000231570
18.000000000	1.933934000	0.000244526
19.000000000	1.942208000	0.000257231
20.000000000	1.950282000	0.000269839
21.000000000	1.958356000	0.000282184
22.000000000	1.966326000	0.000294510
23.000000000	1.974146000	0.000305867
24.000000000	1.981933000	0.000318540
25.000000000	1.989605000	0.000330385
26.000000000	1.997170000	0.000341996
27.000000000	2.004733000	0.000353592
28.000000000	2.012239000	0.000364999
29.000000000	2.019625000	0.000376276
30.000000000	2.027024000	0.000387459
31.000000000	2.034307000	0.000398481
32.000000000	2.041529000	0.000408549
33.000000000	2.048751000	0.000420282
34.000000000	2.055957000	0.000431027
35.000000000	2.063033000	0.000441650
36.000000000	2.070148000	0.000452105
37.000000000	2.077187000	0.000462630
38.000000000	2.084133000	0.000472993
39.000000000	2.091074000	0.000483295
40.000000000	2.098011000	0.000493426
41.000000000	2.105376000	0.000501237
42.000000000	2.112375000	0.000513464
43.000000000	2.119275000	0.000523505
44.000000000	2.125858000	0.000533408
45.000000000	2.132728000	0.000543211
46.000000000	2.139620000	0.000552936
47.000000000	2.146113000	0.000562658
48.000000000	2.152765000	0.000572263
49.000000000	2.159445000	0.000581793
50.000000000	2.165989000	0.000590468
51.000000000	2.172579000	0.000600696
52.000000000	2.179175000	0.000610053
53.000000000	2.185597000	0.000619430
54.000000000	2.192083000	0.000628613
55.000000000	2.198702000	0.000637671
56.000000000	2.204939000	0.000646937
57.000000000	2.211449000	0.000656039
58.000000000	2.218004000	0.000665067
59.000000000	2.224138000	0.000674139
60.000000000	2.230615000	0.000683056
61.000000000	2.237060000	0.000691886
62.000000000	2.243342000	0.000700835
63.000000000	2.249612000	0.000709615
64.000000000	2.256089000	0.000717888
65.000000000	2.262213000	0.000727033
66.000000000	2.268343000	0.000735626
67.000000000	2.274793000	0.000744333
68.000000000	2.281019000	0.000752901
69.000000000	2.287083000	0.000761398
70.000000000	2.293360000	0.000769984
71.000000000	2.299614000	0.000778467
72.000000000	2.305694000	0.000786857
73.000000000	2.311985000	0.000795270
74.000000000	2.318098000	0.000803623
75.000000000	2.324101000	0.000811933
76.000000000	2.330170000	0.000820191
77.000000000	2.336444000	0.000828473
78.000000000	2.342325000	0.000836170
79.000000000	2.348429000	0.000844860
80.000000000	2.354588000	0.000852965
81.000000000	2.360599000	0.000861160
82.000000000	2.366421000	0.000869158
83.000000000	2.372603000	0.000877071
84.000000000	2.378566000	0.000885230
85.000000000	2.384489000	0.000893274
86.000000000	2.390452000	0.000901214
87.000000000	2.396525000	0.000909151
88.000000000	2.402284000	0.000916952
89.000000000	2.408381000	0.000924877
90.000000000	2.414254000	0.000932725
91.000000000	2.420196000	0.000940529
92.000000000	2.426110000	0.000947624
93.000000000	2.432055000	0.000956062
94.000000000	2.437778000	0.000963839
95.000000000	2.443566000	0.000971507
96.000000000	2.449557000	0.000979251
97.000000000	2.455303000	0.000986343
98.000000000	2.461122000	0.000994502
99.000000000	2.467183000	0.001002135
100.000000000	2.472989000	0.001009702
101.000000000	2.478735000	0.001017254
102.000000000	2.484596000	0.001024621
103.000000000	2.490460000	0.001032290
104.000000000	2.496195000	0.001039787
105.000000000	2.501980000	0.001047240
106.000000000	2.507249000	0.001051855
107.000000000	2.513059000	0.001061394
108.000000000	2.518735000	0.001068756
109.000000000	2.524605000	0.001076113
110.000000000	2.530195000	0.001083497
111.000000000	2.536005000	0.001090312
112.000000000	2.541615000	0.001098177
113.000000000	2.547155000	0.001105393
114.000000000	2.552817000	0.001112686
115.000000000	2.558680000	0.001119919
116.000000000	2.564220000	0.001127107
117.000000000	2.569795000	0.001134356
118.000000000	2.575568000	0.001141540
119.000000000	2.581106000	0.001148576
120.000000000	2.586723000	0.001155735
121.000000000	2.592343000	0.001162819
122.000000000	2.598051000	0.001169974
123.000000000	2.603577000	0.001177071
124.000000000	2.609288000	0.001184112
125.000000000	2.614850000	0.001191019
126.000000000	2.620432000	0.001198198
127.000000000	2.626232000	0.001205176
128.000000000	2.631671000	0.001212197
129.000000000	2.637119000	0.001219050
130.000000000	2.642758000	0.001225982
131.000000000	2.648222000	0.001232920
132.000000000	2.653852000	0.001239815
133.000000000	2.659502000	0.001246714
134.000000000	2.664950000	0.001253630
135.000000000	2.670440000	0.001260466
136.000000000	2.676203000	0.001267547
137.000000000	2.681630000	0.001274112
138.000000000	2.687214000	0.001280942
139.000000000	2.692857000	0.001287568
140.000000000	2.698224000	0.001294381
141.000000000	2.703849000	0.001301115
142.000000000	2.709539000	0.001307872
143.000000000	2.714940000	0.001314537
144.000000000	2.720495000	0.001321197
145.000000000	2.726080000	0.001327945
146.000000000	2.731580000	0.001334616
147.000000000	2.737180000	0.001341273
148.000000000	2.742635000	0.001347343
149.000000000	2.748141000	0.001354395
150.000000000	2.753572000	0.001361048
151.000000000	2.759199000	0.001367537
152.000000000	2.764576000	0.001374030
153.000000000	2.770019000	0.001380525
154.000000000	2.775665000	0.001387087
155.000000000	2.781011000	0.001393584
156.000000000	2.786620000	0.001400082
157.000000000	2.792121000	0.001406162
158.000000000	2.797571000	0.001413001
159.000000000	2.803182000	0.001419389
160.000000000	2.808794000	0.001425849
161.000000000	2.814081000	0.001432145
162.000000000	2.819697000	0.001438527
163.000000000	2.825289000	0.001444894
164.000000000	2.830646000	0.001451285
165.000000000	2.836275000	0.001457516
166.000000000	2.841678000	0.001463859
167.000000000	2.847093000	0.001470149
168.000000000	2.852619000	0.001476355
169.000000000	2.858065000	0.001482575
170.000000000	2.863431000	0.001488823
171.000000000	2.869098000	0.001494965
172.000000000	2.874470000	0.001501284
173.000000000	2.879667000	0.001507424
174.000000000	2.885181000	0.001513500
175.000000000	2.890577000	0.001519085
176.000000000	2.896140000	0.001525574
177.000000000	2.901692000	0.001531629
178.000000000	2.907238000	0.001537552
179.000000000	2.912635000	0.001543374
180.000000000	2.918069000	0.001548761
181.000000000	2.923554000	0.001554962
182.000000000	2.928945000	0.001560685
183.000000000	2.934207000	0.001566490
184.000000000	2.939677000	0.001572399
185.000000000	2.945016000	0.001578431
186.000000000	2.950527000	0.001584534
187.000000000	2.956078000	0.001590777
188.000000000	2.961392000	0.001597002
189.000000000	2.966889000	0.001602808
190.000000000	2.972251000	0.001609216
191.000000000	2.977597000	0.001615413
192.000000000	2.982972000	0.001621530
193.000000000	2.988363000	0.001627461
194.000000000	2.993811000	0.001633430
195.000000000	2.999085000	0.001639382
196.000000000	3.004535000	0.001645326
197.000000000	3.009824000	0.001675017
198.000000000	3.015213000	0.001664662
199.000000000	3.020586000	0.001667717
200.000000000	3.025860000	0.001672153
201.000000000	3.031167000	0.001677252
202.000000000	3.036529000	0.001682669
203.000000000	3.041668000	0.001687844
204.000000000	3.046963000	0.001693383
205.000000000	3.052391000	0.001698905
206.000000000	3.057536000	0.001704497
207.000000000	3.062995000	0.001709560
208.000000000	3.068311000	0.001715540
209.000000000	3.073438000	0.001721062
210.000000000	3.078980000	0.001726623
211.000000000	3.084351000	0.001732175
212.000000000	3.089433000	0.001737564
213.000000000	3.094974000	0.001743135
214.000000000	3.100255000	0.001748568
215.000000000	3.105469000	0.001754062
216.000000000	3.110760000	0.001759551
217.000000000	3.116114000	0.001765042
218.000000000	3.121468000	0.001770525
219.000000000	3.126773000	0.001776031
220.000000000	3.132158000	0.001781513
221.000000000	3.137323000	0.001786472
222.000000000	3.142651000	0.001792363
223.000000000	3.147948000	0.001797760
224.000000000	3.153119000	0.001803213
225.000000000	3.158641000	0.001808600
226.000000000	3.163868000	0.001813883
227.000000000	3.168909000	0.001819278
228.000000000	3.174233000	0.001824572
229.000000000	3.179646000	0.001829891
230.000000000	3.184633000	0.001835053
231.000000000	3.189880000	0.001840690
232.000000000	3.195122000	0.001845953
233.000000000	3.200129000	0.001851216
234.000000000	3.205487000	0.001856463
235.000000000	3.210814000	0.001861611
236.000000000	3.215885000	0.001866772
237.000000000	3.221180000	0.001871918
238.000000000	3.226759000	0.001877028
239.000000000	3.231900000	0.001881790
240.000000000	3.237256000	0.001887160
241.000000000	3.242841000	0.001892250
242.000000000	3.248102000	0.001897361
243.000000000	3.253473000	0.001902418
244.000000000	3.258956000	0.001907554
245.000000000	3.264140000	0.001912574
246.000000000	3.269548000	0.001917648
247.000000000	3.274968000	0.001922530
248.000000000	3.280303000	0.001927634
249.000000000	3.285523000	0.001932502
250.000000000	3.291170000	0.001937635
251.000000000	3.296339000	0.001942593
252.000000000	3.301660000	0.001947630
253.000000000	3.307224000	0.001952300
254.000000000	3.312293000	0.001957588
255.000000000	3.317566000	0.001962544
256.000000000	3.322664000	0.001967443
257.000000000	3.327666000	0.001972403
258.000000000	3.332416000	0.001977194
259.000000000	3.337271000	0.001982029
260.000000000	3.341983000	0.001986846
261.000000000	3.347056000	0.001991830
262.000000000	3.352015000	0.001996350
263.000000000	3.357041000	0.002001329
264.000000000	3.362259000	0.002006339
265.000000000	3.367197000	0.002011104
266.000000000	3.372582000	0.002016006
267.000000000	3.377690000	0.002020852
268.000000000	3.382661000	0.002025439
269.000000000	3.387725000	0.002030049
270.000000000	3.392982000	0.002034889
271.000000000	3.398013000	0.002039312
272.000000000	3.403267000	0.002044077
273.000000000	3.408334000	0.002048758
274.000000000	3.413310000	0.002053389
275.000000000	3.418331000	0.002057970
276.000000000	3.423454000	0.002062670
277.000000000	3.428397000	0.002067151
278.000000000	3.433602000	0.002071908
279.000000000	3.438689000	0.002076330
280.000000000	3.443701000	0.002080743
281.000000000	3.448801000	0.002085415
282.000000000	3.453814000	0.002089948
283.000000000	3.458874000	0.002094418
284.000000000	3.464095000	0.002098581
285.000000000	3.469110000	0.002103431
286.000000000	3.474155000	0.002107839
287.000000000	3.479434000	0.002112225
288.000000000	3.484797000	0.002116800
289.000000000	3.489907000	0.002121163
290.000000000	3.495338000	0.002125537
291.000000000	3.500695000	0.002129886
292.000000000	3.506086000	0.002134308
293.000000000	3.511564000	0.002138418
294.000000000	3.516865000	0.002142855
295.000000000	3.522239000	0.002147302
296.000000000	3.527858000	0.002151685
297.000000000	3.533180000	0.002155916
298.000000000	3.538701000	0.002160117
299.000000000	3.544152000	0.002164408
300.000000000	3.549381000	0.002168578
301.000000000	3.554809000	0.002172828
302.000000000	3.559952000	0.002176702
303.000000000	3.565140000	0.002181181
304.000000000	3.570511000	0.002185428
305.000000000	3.575502000	0.002189598
306.000000000	3.580477000	0.002193743
307.000000000	3.585595000	0.002197813
308.000000000	3.590303000	0.002201995
309.000000000	3.595156000	0.002206085
310.000000000	3.600239000	0.002210231
311.000000000	3.605024000	0.002213809
312.000000000	3.610122000	0.002218247
313.000000000	3.614797000	0.002222250
314.000000000	3.619324000	0.002226349
315.000000000	3.624597000	0.002230366
316.000000000	3.629341000	0.002234347
317.000000000	3.634068000	0.002238117
318.000000000	3.638629000	0.002242145
319.000000000	3.643417000	0.002246088
320.000000000	3.647787000	0.002250048
321.000000000	3.652581000	0.002253974
322.000000000	3.657266000	0.002257774
323.000000000	3.661914000	0.002261579
324.000000000	3.666653000	0.002265514
325.000000000	3.671260000	0.002269179
326.000000000	3.676021000	0.002273129
327.000000000	3.680576000	0.002276953
328.000000000	3.685080000	0.002280836
329.000000000	3.689750000	0.002284767
330.000000000	3.694493000	0.002288610
331.000000000	3.699048000	0.002292211
332.000000000	3.703738000	0.002295930
333.000000000	3.708655000	0.002299649
334.000000000	3.713288000	0.002303184
335.000000000	3.718097000	0.002306946
336.000000000	3.722986000	0.002310645
337.000000000	3.727540000	0.002314226
338.000000000	3.732228000	0.002317942
339.000000000	3.737062000	0.002321523
340.000000000	3.741546000	0.002325185
341.000000000	3.746257000	0.002328795
342.000000000	3.750757000	0.002332395
343.000000000	3.755462000	0.002335819
344.000000000	3.760206000	0.002339412
345.000000000	3.764940000	0.002342901
346.000000000	3.769592000	0.002346375
347.000000000	3.774287000	0.002349563
348.000000000	3.778931000	0.002353303
349.000000000	3.783653000	0.002356761
350.000000000	3.788388000	0.002360227
351.000000000	3.792948000	0.002363556
352.000000000	3.797658000	0.002367095
353.000000000	3.802528000	0.002370412
354.000000000	3.806833000	0.002373682
355.000000000	3.811363000	0.002377042
356.000000000	3.816014000	0.002380294
357.000000000	3.820721000	0.002383746
358.000000000	3.825396000	0.002386980
359.000000000	3.830335000	0.002390234
360.000000000	3.834995000	0.002393547
361.000000000	3.840013000	0.002396764
362.000000000	3.845055000	0.002399978
363.000000000	3.849790000	0.002403141
364.000000000	3.854675000	0.002406366
365.000000000	3.859290000	0.002409348
366.000000000	3.863946000	0.002412419
367.000000000	3.868909000	0.002415664
368.000000000	3.873863000	0.002418698
369.000000000	3.878721000	0.002422012
370.000000000	3.883650000	0.002425085
371.000000000	3.888588000	0.002428113
372.000000000	3.893349000	0.002431172
373.000000000	3.898586000	0.002434190
374.000000000	3.903515000	0.002437154
375.000000000	3.908287000	0.002440301
376.000000000	3.913770000	0.002443297
377.000000000	3.918658000	0.002446212
378.000000000	3.923343000	0.002449249
379.000000000	3.928348000	0.002452134
380.000000000	3.932629000	0.002455094
381.000000000	3.936883000	0.002457846
382.000000000	3.941576000	0.002460839
383.000000000	3.945509000	0.002463732
384.000000000	3.949703000	0.002466520
385.000000000	3.954074000	0.002469335
386.000000000	3.958308000	0.002472079
387.000000000	3.962810000	0.002474801
388.000000000	3.967533000	0.002477539
389.000000000	3.972310000	0.002480283
390.000000000	3.977252000	0.002483147
391.000000000	3.982352000	0.002485828
392.000000000	3.987147000	0.002488593
393.000000000	3.991816000	0.002491242
394.000000000	3.996503000	0.002493907
395.000000000	4.001011000	0.002496564
396.000000000	4.005637000	0.002499209
397.000000000	4.010163000	0.002501736
398.000000000	4.014567000	0.002504401
399.000000000	4.018987000	0.002507072
400.000000000	4.023190000	0.002509584
401.000000000	4.027156000	0.002512114
402.000000000	4.031340000	0.002514705
403.000000000	4.035506000	0.002517115
404.000000000	4.039125000	0.002519722
405.000000000	4.043922000	0.002522122
406.000000000	4.047912000	0.002524534
407.000000000	4.052020000	0.002527014
408.000000000	4.056447000	0.002529482
409.000000000	4.060689000	0.002531912
410.000000000	4.065169000	0.002534350
411.000000000	4.069638000	0.002536631
412.000000000	4.073802000	0.002539021
413.000000000	4.078403000	0.002541285
414.000000000	4.082763000	0.002543698
415.000000000	4.087027000	0.002545911
416.000000000	4.091636000	0.002548338
417.000000000	4.095963000	0.002550593
418.000000000	4.100022000	0.002552794
419.000000000	4.104455000	0.002554924
420.000000000	4.108742000	0.002557217
421.000000000	4.113172000	0.002559402
422.000000000	4.117975000	0.002561599
423.000000000	4.122587000	0.002563812
424.000000000	4.127362000	0.002565675
425.000000000	4.132215000	0.002567982
426.000000000	4.136793000	0.002570122
427.000000000	4.141607000	0.002572174
428.000000000	4.146312000	0.002573980
429.000000000	4.150607000	0.002576321
430.000000000	4.154984000	0.002578338
431.000000000	4.159279000	0.002580403
432.000000000	4.163294000	0.002582351
433.000000000	4.167878000	0.002584394
434.000000000	4.171786000	0.002586306
435.000000000	4.175950000	0.002588339
436.000000000	4.180397000	0.002590224
437.000000000	4.184350000	0.002592013
438.000000000	4.188508000	0.002594013
439.000000000	4.193039000	0.002595894
440.000000000	4.197188000	0.002597777
441.000000000	4.201938000	0.002599682
442.000000000	4.206485000	0.002601495
443.000000000	4.210927000	0.002603317
444.000000000	4.215340000	0.002605148
445.000000000	4.219820000	0.002606936
446.000000000	4.224056000	0.002608471
447.000000000	4.228494000	0.002610441
448.000000000	4.233070000	0.002612068
449.000000000	4.237466000	0.002613798
450.000000000	4.242070000	0.002615404
451.000000000	4.246472000	0.002617153
452.000000000	4.250829000	0.002618654
453.000000000	4.255234000	0.002620295
454.000000000	4.259832000	0.002621929
455.000000000	4.263902000	0.002623365
456.000000000	4.268417000	0.002625104
457.000000000	4.272698000	0.002626624
458.000000000	4.277044000	0.002628100
459.000000000	4.281608000	0.002629534
460.000000000	4.286055000	0.002631115
461.000000000	4.290157000	0.002632540
462.000000000	4.294356000	0.002633961
463.000000000	4.298509000	0.002635436
464.000000000	4.302154000	0.002636787
465.000000000	4.306048000	0.002638310
466.000000000	4.309859000	0.002639689
467.000000000	4.313838000	0.002640963
468.000000000	4.318082000	0.002642384
469.000000000	4.321874000	0.002643633
470.000000000	4.325590000	0.002644905
471.000000000	4.329504000	0.002646195
472.000000000	4.332661000	0.002647410
473.000000000	4.335962000	0.002648633
474.000000000	4.338019000	0.002649977
475.000000000	4.339995000	0.002651070
476.000000000	4.343010000	0.002652215
477.000000000	4.346704000	0.002653465
478.000000000	4.350745000	0.002654604
479.000000000	4.354819000	0.002655737
480.000000000	4.358941000	0.002656933
481.000000000	4.362801000	0.002658033
482.000000000	4.366656000	0.002659175
483.000000000	4.370663000	0.002660196
484.000000000	4.374140000	0.002661236
485.000000000	4.378213000	0.002662374
486.000000000	4.381990000	0.002663159
487.000000000	4.385798000	0.002664362
488.000000000	4.389810000	0.002665431
489.000000000	4.393706000	0.002666420
490.000000000	4.397470000	0.002667418
491.000000000	4.401397000	0.002668187
492.000000000	4.405151000	0.002669198
493.000000000	4.409186000	0.002669994
494.000000000	4.413332000	0.002670998
495.000000000	4.417350000	0.002671816
496.000000000	4.421695000	0.002672612
497.000000000	4.426103000	0.002673305
498.000000000	4.430124000	0.002674101
499.000000000	4.434101000	0.002674925
500.000000000	4.438112000	0.002675658
501.000000000	4.442467000	0.002676474
502.000000000	4.446445000	0.002677204
503.000000000	4.450193000	0.002678030
504.000000000	4.453867000	0.002678559
505.000000000	4.457530000	0.002679318
506.000000000	4.460919000	0.002679881
507.000000000	4.464156000	0.002680635
508.000000000	4.467949000	0.002681229
509.000000000	4.471532000	0.002681604
510.000000000	4.475225000	0.002682304
511.000000000	4.479389000	0.002682798
512.000000000	4.482910000	0.002683304
513.000000000	4.486810000	0.002683812
514.000000000	4.490553000	0.002684338
515.000000000	4.494191000	0.002684908
516.000000000	4.497892000	0.002685470
517.000000000	4.501178000	0.002685950
518.000000000	4.505059000	0.002686338
519.000000000	4.509312000	0.002686838
520.000000000	4.513331000	0.002687166
521.000000000	4.517240000	0.002687576
522.000000000	4.521475000	0.002687888
523.000000000	4.524786000	0.002688372
524.000000000	4.527916000	0.002688599
525.000000000	4.530481000	0.002688893
526.000000000	4.533548000	0.002689051
527.000000000	4.536835000	0.002689490
528.000000000	4.540534000	0.002689685
529.000000000	4.543921000	0.002689981
530.000000000	4.547409000	0.002690061
531.000000000	4.550686000	0.002690236
532.000000000	4.553720000	0.002690491
533.000000000	4.556619000	0.002690652
534.000000000	4.558390000	0.002690757
535.000000000	4.561699000	0.002690711
536.000000000	4.564553000	0.002690999
537.000000000	4.567477000	0.002691110
538.000000000	4.570370000	0.002691314
539.000000000	4.573238000	0.002691278
540.000000000	4.576252000	0.002691226
541.000000000	4.579442000	0.002691364
542.000000000	4.582780000	0.002691373
543.000000000	4.586020000	0.002691366
544.000000000	4.589756000	0.002691312
545.000000000	4.592961000	0.002691236
546.000000000	4.596489000	0.002691134
547.000000000	4.600072000	0.002690950
548.000000000	4.603460000	0.002690855
549.000000000	4.606937000	0.002690771
550.000000000	4.610538000	0.002690594
551.000000000	4.613536000	0.002690352
552.000000000	4.616929000	0.002690062
553.000000000	4.620446000	0.002689852
554.000000000	4.623950000	0.002689551
555.000000000	4.627231000	0.002689240
556.000000000	4.630547000	0.002689108
557.000000000	4.633296000	0.002688721
558.000000000	4.636778000	0.002688436
559.000000000	4.639816000	0.002688114
560.000000000	4.642655000	0.002687715
561.000000000	4.645632000	0.002687370
562.000000000	4.648746000	0.002687023
563.000000000	4.651718000	0.002686554
564.000000000	4.654424000	0.002686169
565.000000000	4.656955000	0.002685715
566.000000000	4.660094000	0.002685335
567.000000000	4.663162000	0.002684898
568.000000000	4.666482000	0.002684458
569.000000000	4.670041000	0.002683935
570.000000000	4.673469000	0.002683429
571.000000000	4.676710000	0.002682872
572.000000000	4.680127000	0.002682372
573.000000000	4.683457000	0.002681865
574.000000000	4.686646000	0.002681265
575.000000000	4.690202000	0.002680539
576.000000000	4.692528000	0.002679894
577.000000000	4.696071000	0.002679250
578.000000000	4.700012000	0.002678612
579.000000000	4.703403000	0.002677854
580.000000000	4.707090000	0.002677219
581.000000000	4.710459000	0.002676451
582.000000000	4.713795000	0.002675841
583.000000000	4.717197000	0.002674989
584.000000000	4.720813000	0.002674171
585.000000000	4.724282000	0.002673450
586.000000000	4.727236000	0.002672654
587.000000000	4.729962000	0.002671643
588.000000000	4.732897000	0.002670843
589.000000000	4.735515000	0.002669964
590.000000000	4.738081000	0.002669088
591.000000000	4.740879000	0.002668238
592.000000000	4.743266000	0.002667350
593.000000000	4.746284000	0.002666521
594.000000000	4.748998000	0.002665497
595.000000000	4.751595000	0.002664633
596.000000000	4.754382000	0.002663641
597.000000000	4.757462000	0.002662618
598.000000000	4.759459000	0.002661699
599.000000000	4.762483000	0.002660653
600.000000000	4.765959000	0.002659672
601.000000000	4.769609000	0.002658558
602.000000000	4.773766000	0.002657444
603.000000000	4.777301000	0.002656353
604.000000000	4.780764000	0.002655317
605.000000000	4.784293000	0.002654242
606.000000000	4.786696000	0.002653050
607.000000000	4.790142000	0.002651888
608.000000000	4.793577000	0.002650740
609.000000000	4.795904000	0.002649516
610.000000000	4.798838000	0.002648406
611.000000000	4.801177000	0.002647135
612.000000000	4.803952000	0.002646022
613.000000000	4.806835000	0.002644711
614.000000000	4.809102000	0.002643430
615.000000000	4.812272000	0.002642064
616.000000000	4.815269000	0.002640768
617.000000000	4.818213000	0.002639288
618.000000000	4.821293000	0.002637940
619.000000000	4.824255000	0.002636548
620.000000000	4.827125000	0.002635065
621.000000000	4.830099000	0.002633593
622.000000000	4.832716000	0.002632221
623.000000000	4.835832000	0.002630682
624.000000000	4.836000000	0.002629300
625.000000000	4.838538000	0.002627731
626.000000000	4.841739000	0.002626215
627.000000000	4.845076000	0.002624664
628.000000000	4.848468000	0.002623044
629.000000000	4.852215000	0.002621368
630.000000000	4.855590000	0.002619827
631.000000000	4.858916000	0.002618119
632.000000000	4.862419000	0.002616497
633.000000000	4.865675000	0.002614818
634.000000000	4.868856000	0.002613232
635.000000000	4.871891000	0.002611453
636.000000000	4.874787000	0.002609602
637.000000000	4.878016000	0.002607674
638.000000000	4.881302000	0.002605984
639.000000000	4.884292000	0.002603977
640.000000000	4.887402000	0.002602020
641.000000000	4.889912000	0.002600213
642.000000000	4.892106000	0.002598290
643.000000000	4.894820000	0.002596340
644.000000000	4.897581000	0.002594619
645.000000000	4.900290000	0.002592840
646.000000000	4.903871000	0.002590953
647.000000000	4.906453000	0.002589113
648.000000000	4.909297000	0.002587037
649.000000000	4.912385000	0.002584999
650.000000000	4.915708000	0.002582784
651.000000000	4.918400000	0.002580726
652.000000000	4.921342000	0.002578669
653.000000000	4.924374000	0.002576507
654.000000000	4.927350000	0.002574461
655.000000000	4.929993000	0.002572291
656.000000000	4.933162000	0.002570247
657.000000000	4.935700000	0.002568096
658.000000000	4.938955000	0.002565998
659.000000000	4.941911000	0.002563698
660.000000000	4.944380000	0.002561478
661.000000000	4.946526000	0.002559342
662.000000000	4.948527000	0.002557046
663.000000000	4.951135000	0.002554982
664.000000000	4.953719000	0.002553130
665.000000000	4.956383000	0.002550971
666.000000000	4.958998000	0.002548865
667.000000000	4.962172000	0.002546552
668.000000000	4.964645000	0.002544415
669.000000000	4.968165000	0.002541745
670.000000000	4.971113000	0.002539123
671.000000000	4.973764000	0.002536689
672.000000000	4.977314000	0.002534246
673.000000000	4.980175000	0.002531961
674.000000000	4.982700000	0.002529954
675.000000000	4.985302000	0.002527702
676.000000000	4.987537000	0.002525838
677.000000000	4.989057000	0.002524660
678.000000000	4.991337000	0.002523113
679.000000000	4.993890000	0.002521141
680.000000000	4.996754000	0.002518866
681.000000000	4.999299000	0.002516803
682.000000000	5.001469000	0.002515193
683.000000000	5.003025000	0.002513831
684.000000000	5.005378000	0.002512079
685.000000000	5.007202000	0.002510230
686.000000000	5.009758000	0.002509865
687.000000000	5.004924000	0.002513855
688.000000000	4.993944000	0.002521733
689.000000000	4.994319000	0.002521828
690.000000000	4.995707000	0.002520483
691.000000000	4.997877000	0.002518978
692.000000000	5.000217000	0.002517158
693.000000000	5.002821000	0.002515376
694.000000000	5.005292000	0.002513493
695.000000000	5.007602000	0.002511649
696.000000000	5.009505000	0.002509772
697.000000000	5.011507000	0.002507911
698.000000000	5.013714000	0.002506020
699.000000000	5.015186000	0.002503966
700.000000000	5.017203000	0.002502127
