Current (mA)	Voltage (V)	Power (mW)
-5.000000000	-15.000900000	-0.000002978
-4.000000000	-15.000850000	-0.000000459
-3.000000000	-15.000790000	-0.000000203
-2.000000000	-15.000870000	-0.000000184
-1.000000000	-15.000750000	-0.000000144
0.000000000	-13.268380000	0.000000560
1.000000000	1.718844000	0.000012470
2.000000000	1.748330000	0.000027870
3.000000000	1.764975000	0.000047417
4.000000000	1.777039000	0.000065389
5.000000000	1.786683000	0.000082740
6.000000000	1.794923000	0.000098318
7.000000000	1.802168000	0.000116101
8.000000000	1.808663000	0.000132226
9.000000000	1.814612000	0.000147870
10.000000000	1.820126000	0.000163137
11.000000000	1.825295000	0.000176743
12.000000000	1.830179000	0.000192571
13.000000000	1.834849000	0.000207016
14.000000000	1.839286000	0.000220939
15.000000000	1.843534000	0.000234770
16.000000000	1.847638000	0.000248375
17.000000000	1.851592000	0.000261537
18.000000000	1.855400000	0.000274559
19.000000000	1.859149000	0.000287440
20.000000000	1.862764000	0.000299116
21.000000000	1.866289000	0.000312583
22.000000000	1.869756000	0.000324928
23.000000000	1.873160000	0.000337096
24.000000000	1.876449000	0.000348918
25.000000000	1.879744000	0.000360571
26.000000000	1.882932000	0.000372537
27.000000000	1.886053000	0.000383886
28.000000000	1.889151000	0.000395401
29.000000000	1.892192000	0.000405620
30.000000000	1.895200000	0.000417640
31.000000000	1.898159000	0.000428724
32.000000000	1.901115000	0.000439579
33.000000000	1.903988000	0.000450284
34.000000000	1.906875000	0.000460455
35.000000000	1.909705000	0.000471528
36.000000000	1.912483000	0.000481944
37.000000000	1.915254000	0.000492383
38.000000000	1.918020000	0.000502636
39.000000000	1.920727000	0.000512401
40.000000000	1.923419000	0.000522910
41.000000000	1.926103000	0.000532965
42.000000000	1.928800000	0.000542840
43.000000000	1.931385000	0.000552675
44.000000000	1.933994000	0.000562462
45.000000000	1.936635000	0.000572180
46.000000000	1.939152000	0.000581753
47.000000000	1.941723000	0.000591309
48.000000000	1.944277000	0.000600870
49.000000000	1.946813000	0.000610140
50.000000000	1.949308000	0.000619563
51.000000000	1.951831000	0.000628872
52.000000000	1.954305000	0.000638054
53.000000000	1.956793000	0.000646565
54.000000000	1.959247000	0.000656381
55.000000000	1.961698000	0.000665384
56.000000000	1.964110000	0.000674413
57.000000000	1.966539000	0.000683417
58.000000000	1.968945000	0.000692235
59.000000000	1.971319000	0.000701062
60.000000000	1.973736000	0.000709919
61.000000000	1.976130000	0.000718612
62.000000000	1.978470000	0.000726495
63.000000000	1.980833000	0.000735973
64.000000000	1.983199000	0.000744517
65.000000000	1.985528000	0.000753047
66.000000000	1.987844000	0.000761572
67.000000000	1.990182000	0.000769352
68.000000000	1.992517000	0.000778449
69.000000000	1.994795000	0.000786814
70.000000000	1.997132000	0.000795108
71.000000000	1.999421000	0.000803410
72.000000000	2.001673000	0.000811460
73.000000000	2.003999000	0.000819934
74.000000000	2.006265000	0.000828054
75.000000000	2.008507000	0.000836199
76.000000000	2.010803000	0.000843700
77.000000000	2.013047000	0.000852401
78.000000000	2.015264000	0.000860360
79.000000000	2.017519000	0.000868443
80.000000000	2.019778000	0.000876388
81.000000000	2.022005000	0.000883731
82.000000000	2.024246000	0.000892294
83.000000000	2.026472000	0.000900124
84.000000000	2.028678000	0.000907864
85.000000000	2.030879000	0.000915673
86.000000000	2.033134000	0.000923276
87.000000000	2.035335000	0.000931236
88.000000000	2.037514000	0.000938991
89.000000000	2.039752000	0.000946707
90.000000000	2.041905000	0.000954352
91.000000000	2.044096000	0.000961901
92.000000000	2.046298000	0.000969580
93.000000000	2.048510000	0.000977100
94.000000000	2.050678000	0.000984646
95.000000000	2.052858000	0.000991608
96.000000000	2.055048000	0.000999679
97.000000000	2.057186000	0.001007130
98.000000000	2.059353000	0.001014674
99.000000000	2.061534000	0.001022071
100.000000000	2.063686000	0.001029211
101.000000000	2.065847000	0.001036728
102.000000000	2.068022000	0.001044196
103.000000000	2.070162000	0.001051414
104.000000000	2.072333000	0.001058716
105.000000000	2.074484000	0.001065975
106.000000000	2.076732000	0.001071768
107.000000000	2.078892000	0.001080774
108.000000000	2.081016000	0.001087895
109.000000000	2.083149000	0.001094369
110.000000000	2.085284000	0.001102168
111.000000000	2.087466000	0.001109382
112.000000000	2.089580000	0.001116445
113.000000000	2.091687000	0.001123489
114.000000000	2.093838000	0.001130327
115.000000000	2.095973000	0.001137602
116.000000000	2.098037000	0.001144587
117.000000000	2.100636000	0.001151450
118.000000000	2.102834000	0.001158298
119.000000000	2.104767000	0.001165004
120.000000000	2.106965000	0.001172143
121.000000000	2.109102000	0.001178968
122.000000000	2.111103000	0.001185845
123.000000000	2.113244000	0.001192786
124.000000000	2.115365000	0.001199532
125.000000000	2.117340000	0.001206405
126.000000000	2.119497000	0.001213316
127.000000000	2.121647000	0.001220150
128.000000000	2.123585000	0.001226847
129.000000000	2.125596000	0.001233535
130.000000000	2.127760000	0.001240300
131.000000000	2.129799000	0.001247001
132.000000000	2.131815000	0.001253665
133.000000000	2.133955000	0.001259849
134.000000000	2.136037000	0.001267015
135.000000000	2.137989000	0.001273661
136.000000000	2.140162000	0.001280428
137.000000000	2.142245000	0.001287020
138.000000000	2.144164000	0.001293386
139.000000000	2.146267000	0.001300168
140.000000000	2.148381000	0.001306654
141.000000000	2.150341000	0.001313131
142.000000000	2.152413000	0.001319684
143.000000000	2.154482000	0.001325829
144.000000000	2.156530000	0.001332641
145.000000000	2.158478000	0.001339141
146.000000000	2.160671000	0.001345652
147.000000000	2.162694000	0.001352002
148.000000000	2.164656000	0.001358406
149.000000000	2.166887000	0.001364873
150.000000000	2.168852000	0.001371235
151.000000000	2.170793000	0.001377426
152.000000000	2.172949000	0.001383848
153.000000000	2.174919000	0.001390078
154.000000000	2.176882000	0.001396338
155.000000000	2.179086000	0.001402735
156.000000000	2.181084000	0.001408922
157.000000000	2.183004000	0.001414838
158.000000000	2.185110000	0.001421520
159.000000000	2.187189000	0.001427684
160.000000000	2.189067000	0.001433865
161.000000000	2.191128000	0.001440049
162.000000000	2.193192000	0.001446127
163.000000000	2.195158000	0.001452283
164.000000000	2.197196000	0.001458529
165.000000000	2.199243000	0.001464664
166.000000000	2.201137000	0.001470280
167.000000000	2.203243000	0.001476883
168.000000000	2.205307000	0.001482994
169.000000000	2.207210000	0.001488939
170.000000000	2.209238000	0.001495035
171.000000000	2.211332000	0.001501095
172.000000000	2.213197000	0.001506982
173.000000000	2.215156000	0.001512989
174.000000000	2.217277000	0.001518966
175.000000000	2.219125000	0.001524917
176.000000000	2.221193000	0.001530800
177.000000000	2.223284000	0.001536874
178.000000000	2.225276000	0.001542719
179.000000000	2.227093000	0.001548550
180.000000000	2.229308000	0.001554200
181.000000000	2.231291000	0.001560353
182.000000000	2.233127000	0.001566140
183.000000000	2.235189000	0.001572004
184.000000000	2.237073000	0.001577780
185.000000000	2.239061000	0.001583525
186.000000000	2.241192000	0.001589403
187.000000000	2.243235000	0.001595207
188.000000000	2.245074000	0.001600873
189.000000000	2.247271000	0.001606358
190.000000000	2.249171000	0.001612403
191.000000000	2.250971000	0.001618080
192.000000000	2.253128000	0.001623880
193.000000000	2.254932000	0.001629474
194.000000000	2.256917000	0.001635039
195.000000000	2.259022000	0.001640866
196.000000000	2.261020000	0.001646421
197.000000000	2.262813000	0.001676285
198.000000000	2.264971000	0.001665262
199.000000000	2.266950000	0.001668078
200.000000000	2.268713000	0.001672191
201.000000000	2.270706000	0.001677077
202.000000000	2.272884000	0.001682179
203.000000000	2.274560000	0.001687002
204.000000000	2.276574000	0.001692643
205.000000000	2.278638000	0.001697959
206.000000000	2.280516000	0.001703134
207.000000000	2.282624000	0.001708543
208.000000000	2.284522000	0.001714091
209.000000000	2.286446000	0.001719265
210.000000000	2.288330000	0.001724664
211.000000000	2.290419000	0.001730132
212.000000000	2.292279000	0.001734803
213.000000000	2.294218000	0.001740812
214.000000000	2.296479000	0.001746082
215.000000000	2.298237000	0.001751271
216.000000000	2.300319000	0.001756663
217.000000000	2.302312000	0.001762002
218.000000000	2.304179000	0.001767086
219.000000000	2.306111000	0.001772493
220.000000000	2.308348000	0.001777712
221.000000000	2.310136000	0.001782773
222.000000000	2.312148000	0.001788227
223.000000000	2.314373000	0.001793489
224.000000000	2.316179000	0.001798662
225.000000000	2.318291000	0.001803941
226.000000000	2.320210000	0.001809001
227.000000000	2.322014000	0.001814268
228.000000000	2.324055000	0.001819298
229.000000000	2.326130000	0.001824543
230.000000000	2.327941000	0.001829237
231.000000000	2.329905000	0.001834736
232.000000000	2.332050000	0.001839869
233.000000000	2.333979000	0.001845003
234.000000000	2.335888000	0.001849991
235.000000000	2.337944000	0.001855137
236.000000000	2.339816000	0.001859946
237.000000000	2.341692000	0.001864984
238.000000000	2.343791000	0.001870067
239.000000000	2.345573000	0.001874493
240.000000000	2.347546000	0.001879977
241.000000000	2.349627000	0.001884974
242.000000000	2.351559000	0.001889873
243.000000000	2.353447000	0.001894787
244.000000000	2.355458000	0.001899819
245.000000000	2.357477000	0.001904614
246.000000000	2.359280000	0.001909521
247.000000000	2.361340000	0.001914324
248.000000000	2.363258000	0.001919199
249.000000000	2.365165000	0.001923929
250.000000000	2.367239000	0.001928931
251.000000000	2.369047000	0.001933804
252.000000000	2.371063000	0.001938545
253.000000000	2.372992000	0.001942908
254.000000000	2.374928000	0.001948071
255.000000000	2.376776000	0.001952873
256.000000000	2.378920000	0.001957630
257.000000000	2.380732000	0.001962320
258.000000000	2.382670000	0.001966855
259.000000000	2.384658000	0.001971863
260.000000000	2.386581000	0.001976455
261.000000000	2.388405000	0.001981146
262.000000000	2.390435000	0.001985464
263.000000000	2.392376000	0.001990456
264.000000000	2.394264000	0.001995115
265.000000000	2.396375000	0.001999841
266.000000000	2.398189000	0.002004355
267.000000000	2.400177000	0.002009119
268.000000000	2.402142000	0.002013543
269.000000000	2.403983000	0.002018136
270.000000000	2.405959000	0.002022714
271.000000000	2.407912000	0.002027095
272.000000000	2.409870000	0.002031761
273.000000000	2.411783000	0.002036437
274.000000000	2.413812000	0.002040877
275.000000000	2.415760000	0.002045321
276.000000000	2.417711000	0.002049718
277.000000000	2.419730000	0.002054267
278.000000000	2.421606000	0.002058624
279.000000000	2.423520000	0.002063052
280.000000000	2.425383000	0.002067454
281.000000000	2.427445000	0.002071778
282.000000000	2.429490000	0.002076289
283.000000000	2.431556000	0.002080738
284.000000000	2.433340000	0.002084937
285.000000000	2.435378000	0.002089154
286.000000000	2.437430000	0.002093654
287.000000000	2.439267000	0.002097953
288.000000000	2.441257000	0.002102179
289.000000000	2.443167000	0.002106550
290.000000000	2.445075000	0.002110640
291.000000000	2.447130000	0.002115005
292.000000000	2.449074000	0.002119229
293.000000000	2.450969000	0.002123433
294.000000000	2.453047000	0.002127456
295.000000000	2.454997000	0.002131833
296.000000000	2.456808000	0.002136016
297.000000000	2.458903000	0.002140277
298.000000000	2.460792000	0.002144317
299.000000000	2.462777000	0.002148509
300.000000000	2.464863000	0.002152622
301.000000000	2.466796000	0.002156629
302.000000000	2.468653000	0.002160753
303.000000000	2.470736000	0.002164729
304.000000000	2.472623000	0.002168818
305.000000000	2.474649000	0.002172986
306.000000000	2.476772000	0.002177099
307.000000000	2.478708000	0.002180977
308.000000000	2.480602000	0.002185097
309.000000000	2.482739000	0.002189084
310.000000000	2.484502000	0.002193033
311.000000000	2.486573000	0.002196929
312.000000000	2.488477000	0.002200750
313.000000000	2.490331000	0.002204708
314.000000000	2.492517000	0.002208751
315.000000000	2.494464000	0.002212624
316.000000000	2.496378000	0.002216471
317.000000000	2.498374000	0.002220410
318.000000000	2.500449000	0.002224184
319.000000000	2.502184000	0.002227909
320.000000000	2.504334000	0.002231848
321.000000000	2.506169000	0.002235581
322.000000000	2.508033000	0.002239385
323.000000000	2.510143000	0.002243245
324.000000000	2.512072000	0.002246925
325.000000000	2.514097000	0.002250652
326.000000000	2.515998000	0.002254460
327.000000000	2.518042000	0.002258047
328.000000000	2.519868000	0.002261775
329.000000000	2.521977000	0.002265577
330.000000000	2.523962000	0.002268987
331.000000000	2.525887000	0.002272828
332.000000000	2.528074000	0.002276598
333.000000000	2.529968000	0.002280064
334.000000000	2.531891000	0.002283809
335.000000000	2.534073000	0.002287303
336.000000000	2.536024000	0.002290872
337.000000000	2.537969000	0.002294431
338.000000000	2.539989000	0.002298153
339.000000000	2.541832000	0.002301504
340.000000000	2.543954000	0.002305055
341.000000000	2.545993000	0.002308675
342.000000000	2.548032000	0.002312050
343.000000000	2.549749000	0.002315519
344.000000000	2.552058000	0.002318937
345.000000000	2.553903000	0.002322383
346.000000000	2.555732000	0.002325915
347.000000000	2.557890000	0.002329317
348.000000000	2.559632000	0.002332721
349.000000000	2.561614000	0.002336045
350.000000000	2.563843000	0.002339481
351.000000000	2.565751000	0.002342716
352.000000000	2.567549000	0.002346224
353.000000000	2.569696000	0.002349452
354.000000000	2.571484000	0.002352653
355.000000000	2.573462000	0.002356091
356.000000000	2.575589000	0.002359320
357.000000000	2.577392000	0.002362188
358.000000000	2.579334000	0.002365776
359.000000000	2.581462000	0.002369141
360.000000000	2.583376000	0.002372299
361.000000000	2.585204000	0.002375535
362.000000000	2.587350000	0.002378695
363.000000000	2.589317000	0.002381797
364.000000000	2.591173000	0.002384998
365.000000000	2.593146000	0.002388167
366.000000000	2.595172000	0.002391256
367.000000000	2.597211000	0.002394000
368.000000000	2.599092000	0.002397414
369.000000000	2.600940000	0.002400512
370.000000000	2.602926000	0.002403646
371.000000000	2.605045000	0.002406624
372.000000000	2.606796000	0.002409477
373.000000000	2.608862000	0.002412672
374.000000000	2.610961000	0.002415578
375.000000000	2.612741000	0.002418542
376.000000000	2.614953000	0.002421335
377.000000000	2.616861000	0.002424544
378.000000000	2.618686000	0.002427357
379.000000000	2.620732000	0.002430423
380.000000000	2.622607000	0.002433162
381.000000000	2.624611000	0.002436172
382.000000000	2.626817000	0.002439122
383.000000000	2.628780000	0.002441924
384.000000000	2.630664000	0.002444676
385.000000000	2.632777000	0.002447556
386.000000000	2.634697000	0.002450285
387.000000000	2.636572000	0.002453140
388.000000000	2.638816000	0.002455856
389.000000000	2.640758000	0.002458608
390.000000000	2.642714000	0.002461341
391.000000000	2.644871000	0.002464085
392.000000000	2.646690000	0.002466606
393.000000000	2.648918000	0.002469478
394.000000000	2.650753000	0.002471957
395.000000000	2.652799000	0.002474770
396.000000000	2.654881000	0.002477542
397.000000000	2.656901000	0.002480092
398.000000000	2.658851000	0.002482587
399.000000000	2.661044000	0.002485271
400.000000000	2.663225000	0.002487763
401.000000000	2.665167000	0.002490449
402.000000000	2.667381000	0.002492991
403.000000000	2.669411000	0.002495450
404.000000000	2.671546000	0.002497993
405.000000000	2.673878000	0.002500584
406.000000000	2.676193000	0.002502949
407.000000000	2.678575000	0.002505422
408.000000000	2.685374000	0.002507865
409.000000000	2.687649000	0.002510268
410.000000000	2.689649000	0.002512673
411.000000000	2.691887000	0.002515159
412.000000000	2.694191000	0.002517440
413.000000000	2.696132000	0.002519743
414.000000000	2.698310000	0.002522322
415.000000000	2.700518000	0.002524564
416.000000000	2.702552000	0.002526914
417.000000000	2.704695000	0.002529277
418.000000000	2.706936000	0.002531557
419.000000000	2.708976000	0.002533792
420.000000000	2.710968000	0.002536104
421.000000000	2.713289000	0.002538251
422.000000000	2.715166000	0.002540402
423.000000000	2.717239000	0.002542641
424.000000000	2.719437000	0.002544887
425.000000000	2.721509000	0.002547121
426.000000000	2.723366000	0.002549103
427.000000000	2.725633000	0.002551088
428.000000000	2.727503000	0.002553473
429.000000000	2.729240000	0.002555577
430.000000000	2.731466000	0.002557730
431.000000000	2.733456000	0.002559726
432.000000000	2.735303000	0.002561737
433.000000000	2.737453000	0.002563978
434.000000000	2.739374000	0.002565922
435.000000000	2.741328000	0.002567976
436.000000000	2.743300000	0.002569751
437.000000000	2.745293000	0.002571826
438.000000000	2.747283000	0.002573829
439.000000000	2.749289000	0.002575746
440.000000000	2.751122000	0.002577670
441.000000000	2.753187000	0.002579599
442.000000000	2.755248000	0.002581663
443.000000000	2.757068000	0.002583481
444.000000000	2.759044000	0.002585441
445.000000000	2.760963000	0.002587014
446.000000000	2.762966000	0.002588955
447.000000000	2.765028000	0.002590947
448.000000000	2.767017000	0.002592706
449.000000000	2.768965000	0.002594516
450.000000000	2.770945000	0.002596319
451.000000000	2.772903000	0.002597963
452.000000000	2.774752000	0.002599698
453.000000000	2.776903000	0.002601437
454.000000000	2.778641000	0.002603085
455.000000000	2.780666000	0.002604955
456.000000000	2.782728000	0.002606742
457.000000000	2.784602000	0.002608218
458.000000000	2.786634000	0.002609886
459.000000000	2.788675000	0.002611542
460.000000000	2.790651000	0.002613176
461.000000000	2.792441000	0.002614700
462.000000000	2.794580000	0.002616411
463.000000000	2.796350000	0.002617915
464.000000000	2.798313000	0.002619411
465.000000000	2.800418000	0.002620997
466.000000000	2.802450000	0.002622473
467.000000000	2.804444000	0.002623976
468.000000000	2.806370000	0.002625405
469.000000000	2.808348000	0.002626888
470.000000000	2.810317000	0.002628488
471.000000000	2.812373000	0.002629931
472.000000000	2.814219000	0.002631067
473.000000000	2.816176000	0.002632689
474.000000000	2.818287000	0.002634140
475.000000000	2.820179000	0.002635376
476.000000000	2.822178000	0.002636826
477.000000000	2.824202000	0.002638079
478.000000000	2.826106000	0.002639399
479.000000000	2.828104000	0.002640816
480.000000000	2.830161000	0.002642065
481.000000000	2.832129000	0.002643340
482.000000000	2.834016000	0.002644551
483.000000000	2.836007000	0.002645677
484.000000000	2.837876000	0.002647018
485.000000000	2.839981000	0.002648303
486.000000000	2.841859000	0.002649338
487.000000000	2.843803000	0.002650646
488.000000000	2.845909000	0.002651857
489.000000000	2.847886000	0.002652942
490.000000000	2.849812000	0.002653996
491.000000000	2.851857000	0.002655156
492.000000000	2.853800000	0.002656102
493.000000000	2.855642000	0.002657203
494.000000000	2.857789000	0.002658199
495.000000000	2.859601000	0.002659194
496.000000000	2.861634000	0.002660275
497.000000000	2.863749000	0.002661282
498.000000000	2.865589000	0.002662243
499.000000000	2.867562000	0.002663250
500.000000000	2.869474000	0.002664138
501.000000000	2.871506000	0.002665103
502.000000000	2.873492000	0.002666032
503.000000000	2.875561000	0.002666849
504.000000000	2.877396000	0.002667807
505.000000000	2.879501000	0.002668563
506.000000000	2.881453000	0.002669389
507.000000000	2.883329000	0.002670319
508.000000000	2.885375000	0.002671266
509.000000000	2.887231000	0.002671923
510.000000000	2.889279000	0.002672817
511.000000000	2.891347000	0.002673582
512.000000000	2.893312000	0.002674323
513.000000000	2.895277000	0.002675074
514.000000000	2.897159000	0.002675747
515.000000000	2.899219000	0.002676530
516.000000000	2.901196000	0.002677161
517.000000000	2.903319000	0.002677898
518.000000000	2.905066000	0.002678499
519.000000000	2.907271000	0.002679190
520.000000000	2.909154000	0.002679832
521.000000000	2.911002000	0.002680314
522.000000000	2.913097000	0.002681025
523.000000000	2.915052000	0.002681550
524.000000000	2.917014000	0.002682069
525.000000000	2.919108000	0.002682687
526.000000000	2.921077000	0.002683123
527.000000000	2.922893000	0.002683559
528.000000000	2.925097000	0.002684113
529.000000000	2.926952000	0.002684518
530.000000000	2.928909000	0.002685055
531.000000000	2.931059000	0.002685404
532.000000000	2.932966000	0.002685758
533.000000000	2.934959000	0.002686337
534.000000000	2.936869000	0.002686774
535.000000000	2.938830000	0.002687035
536.000000000	2.940855000	0.002687490
537.000000000	2.942884000	0.002687760
538.000000000	2.944665000	0.002688037
539.000000000	2.946838000	0.002688383
540.000000000	2.948850000	0.002688617
541.000000000	2.950761000	0.002688890
542.000000000	2.952753000	0.002689184
543.000000000	2.954778000	0.002689442
544.000000000	2.956571000	0.002689551
545.000000000	2.958714000	0.002689902
546.000000000	2.960586000	0.002689967
547.000000000	2.962594000	0.002690241
548.000000000	2.964647000	0.002690379
549.000000000	2.966606000	0.002690496
550.000000000	2.968741000	0.002690609
551.000000000	2.970742000	0.002690766
552.000000000	2.972601000	0.002690758
553.000000000	2.974614000	0.002690924
554.000000000	2.976756000	0.002691008
555.000000000	2.978639000	0.002690994
556.000000000	2.980718000	0.002691109
557.000000000	2.982722000	0.002691022
558.000000000	2.984545000	0.002691026
559.000000000	2.986673000	0.002691060
560.000000000	2.988708000	0.002691032
561.000000000	2.990555000	0.002690861
562.000000000	2.992498000	0.002690853
563.000000000	2.994555000	0.002690674
564.000000000	2.996243000	0.002690591
565.000000000	2.998445000	0.002690533
566.000000000	3.000392000	0.002690364
567.000000000	3.002196000	0.002690095
568.000000000	3.004211000	0.002690032
569.000000000	3.006253000	0.002689633
570.000000000	3.008034000	0.002689550
571.000000000	3.010261000	0.002689394
572.000000000	3.012145000	0.002689092
573.000000000	3.014065000	0.002688801
574.000000000	3.016260000	0.002688618
575.000000000	3.018205000	0.002688271
576.000000000	3.020131000	0.002687996
577.000000000	3.022169000	0.002687737
578.000000000	3.024277000	0.002687388
579.000000000	3.026126000	0.002686984
580.000000000	3.027951000	0.002686662
581.000000000	3.029274000	0.002686173
582.000000000	3.030672000	0.002685910
583.000000000	3.032027000	0.002685529
584.000000000	3.033251000	0.002685062
585.000000000	3.034863000	0.002684609
586.000000000	3.036653000	0.002684217
587.000000000	3.038514000	0.002683646
588.000000000	3.040478000	0.002683152
589.000000000	3.042570000	0.002682645
590.000000000	3.044345000	0.002682106
591.000000000	3.046362000	0.002681621
592.000000000	3.048277000	0.002681056
593.000000000	3.049104000	0.002680440
594.000000000	3.050698000	0.002679889
595.000000000	3.052363000	0.002679285
596.000000000	3.054342000	0.002678656
597.000000000	3.056175000	0.002678014
598.000000000	3.056867000	0.002677307
599.000000000	3.058011000	0.002676660
600.000000000	3.059496000	0.002675962
601.000000000	3.061117000	0.002675300
602.000000000	3.062684000	0.002674562
603.000000000	3.064832000	0.002673904
604.000000000	3.066738000	0.002673059
605.000000000	3.068952000	0.002672286
606.000000000	3.070218000	0.002671501
607.000000000	3.071404000	0.002670704
608.000000000	3.072232000	0.002669736
609.000000000	3.072211000	0.002668897
610.000000000	3.073503000	0.002668091
611.000000000	3.075027000	0.002667333
612.000000000	3.076894000	0.002666414
613.000000000	3.078549000	0.002665537
614.000000000	3.080637000	0.002664763
615.000000000	3.082507000	0.002663769
616.000000000	3.084380000	0.002662784
617.000000000	3.086670000	0.002661897
618.000000000	3.088601000	0.002660803
619.000000000	3.090207000	0.002659737
620.000000000	3.091921000	0.002658799
621.000000000	3.093755000	0.002657720
622.000000000	3.096123000	0.002656603
623.000000000	3.098366000	0.002655529
624.000000000	3.100578000	0.002654297
625.000000000	3.102620000	0.002653089
626.000000000	3.105291000	0.002651861
627.000000000	3.107606000	0.002650526
628.000000000	3.109906000	0.002649113
629.000000000	3.112106000	0.002647796
630.000000000	3.113780000	0.002646525
631.000000000	3.115401000	0.002645344
632.000000000	3.116629000	0.002644181
633.000000000	3.118128000	0.002642931
634.000000000	3.119680000	0.002641692
635.000000000	3.121547000	0.002640518
636.000000000	3.123293000	0.002639119
637.000000000	3.125297000	0.002637888
638.000000000	3.127486000	0.002636554
639.000000000	3.129267000	0.002635275
640.000000000	3.130974000	0.002633996
641.000000000	3.133188000	0.002632598
642.000000000	3.135409000	0.002631082
643.000000000	3.137825000	0.002629605
644.000000000	3.140132000	0.002628158
645.000000000	3.142214000	0.002626525
646.000000000	3.144621000	0.002625059
647.000000000	3.146682000	0.002623458
648.000000000	3.148989000	0.002621848
649.000000000	3.151603000	0.002620289
650.000000000	3.153575000	0.002618653
651.000000000	3.155876000	0.002617249
652.000000000	3.158321000	0.002615650
653.000000000	3.159785000	0.002614187
654.000000000	3.161021000	0.002612891
655.000000000	3.162201000	0.002611446
656.000000000	3.163629000	0.002609941
657.000000000	3.165673000	0.002608515
658.000000000	3.167788000	0.002606948
659.000000000	3.170208000	0.002605345
660.000000000	3.172934000	0.002603686
661.000000000	3.175970000	0.002601923
662.000000000	3.179786000	0.002600026
663.000000000	3.184448000	0.002598330
664.000000000	3.190208000	0.002596572
665.000000000	3.200325000	0.002594943
666.000000000	3.207873000	0.002593043
667.000000000	3.215833000	0.002591014
668.000000000	3.224657000	0.002589107
669.000000000	3.276724000	0.002586970
670.000000000	3.202064000	0.002584728
671.000000000	3.243083000	0.002583030
672.000000000	3.169584000	0.002581128
673.000000000	3.168572000	0.002579847
674.000000000	3.169842000	0.002578847
675.000000000	3.171548000	0.002577693
676.000000000	3.173688000	0.002576376
677.000000000	3.176056000	0.002574858
678.000000000	3.178512000	0.002573218
679.000000000	3.180767000	0.002571656
680.000000000	3.182188000	0.002570128
681.000000000	3.184529000	0.002568413
682.000000000	3.187441000	0.002566486
683.000000000	3.190822000	0.002564375
684.000000000	3.194422000	0.002562186
685.000000000	3.197801000	0.002560852
686.000000000	3.198180000	0.002559597
687.000000000	3.200956000	0.002557680
688.000000000	3.204314000	0.002555580
689.000000000	3.207279000	0.002553209
690.000000000	3.210530000	0.002551185
691.000000000	3.213659000	0.002548857
692.000000000	3.216232000	0.002546531
693.000000000	3.219292000	0.002544223
694.000000000	3.222410000	0.002541921
695.000000000	3.225340000	0.002539366
696.000000000	3.228757000	0.002536884
697.000000000	3.232197000	0.002534183
698.000000000	3.225096000	0.002531820
699.000000000	3.226263000	0.002530077
700.000000000	3.229138000	0.002527910
