Current (mA)	Voltage (V)	Power (mW)
-5.000000000	-15.000830000	-0.000002948
-4.000000000	-15.000910000	-0.000000334
-3.000000000	-15.000880000	-0.000000181
-2.000000000	-15.000840000	-0.000000046
-1.000000000	-15.000760000	-0.000000075
0.000000000	-13.201860000	0.000000586
1.000000000	1.972856000	0.000013210
2.000000000	2.207659000	0.000029517
3.000000000	2.411377000	0.000052455
4.000000000	2.607035000	0.000071567
5.000000000	2.800437000	0.000090084
6.000000000	2.997054000	0.000108056
7.000000000	3.193455000	0.000125373
8.000000000	3.387005000	0.000142259
9.000000000	3.574015000	0.000158767
10.000000000	3.747931000	0.000173313
11.000000000	3.906846000	0.000188929
12.000000000	4.050196000	0.000205449
13.000000000	4.178583000	0.000220400
14.000000000	4.290290000	0.000234916
15.000000000	4.388587000	0.000248769
16.000000000	4.475016000	0.000263330
17.000000000	4.551313000	0.000277051
18.000000000	4.620155000	0.000290676
19.000000000	4.682902000	0.000304036
20.000000000	4.741330000	0.000317054
21.000000000	4.794050000	0.000329863
22.000000000	4.843232000	0.000342640
23.000000000	4.889037000	0.000355021
24.000000000	4.930848000	0.000366695
25.000000000	4.969895000	0.000379458
26.000000000	5.008411000	0.000391302
27.000000000	5.044077000	0.000403089
28.000000000	5.077818000	0.000414862
29.000000000	5.107378000	0.000426154
30.000000000	5.133141000	0.000437551
31.000000000	5.158925000	0.000448785
32.000000000	5.184859000	0.000459795
33.000000000	5.209213000	0.000469790
34.000000000	5.233604000	0.000481570
35.000000000	5.256660000	0.000492243
36.000000000	5.278677000	0.000502808
37.000000000	5.300665000	0.000513380
38.000000000	5.322584000	0.000523403
39.000000000	5.345269000	0.000533957
40.000000000	5.367807000	0.000544221
41.000000000	5.388659000	0.000554320
42.000000000	5.406965000	0.000564268
43.000000000	5.423615000	0.000574130
44.000000000	5.444095000	0.000584060
45.000000000	5.462030000	0.000593718
46.000000000	5.479187000	0.000603334
47.000000000	5.497002000	0.000612238
48.000000000	5.514416000	0.000622484
49.000000000	5.532600000	0.000631890
50.000000000	5.550521000	0.000641288
51.000000000	5.569108000	0.000650623
52.000000000	5.587389000	0.000658969
53.000000000	5.605362000	0.000668896
54.000000000	5.623100000	0.000678083
55.000000000	5.640257000	0.000687103
56.000000000	5.657378000	0.000696007
57.000000000	5.673438000	0.000704605
58.000000000	5.688345000	0.000713763
59.000000000	5.696497000	0.000722555
60.000000000	5.709740000	0.000731264
61.000000000	5.724346000	0.000740036
62.000000000	5.738054000	0.000748461
63.000000000	5.751486000	0.000757088
64.000000000	5.766453000	0.000765632
65.000000000	5.781245000	0.000774063
66.000000000	5.795930000	0.000782499
67.000000000	5.808072000	0.000790887
68.000000000	5.821173000	0.000799116
69.000000000	5.833580000	0.000807349
70.000000000	5.845923000	0.000815745
71.000000000	5.858065000	0.000823159
72.000000000	5.869803000	0.000831893
73.000000000	5.880354000	0.000840005
74.000000000	5.890619000	0.000848128
75.000000000	5.901659000	0.000856058
76.000000000	5.911242000	0.000863687
77.000000000	5.921599000	0.000872025
78.000000000	5.931893000	0.000879899
79.000000000	5.934418000	0.000887693
80.000000000	5.943335000	0.000895557
81.000000000	5.952875000	0.000903303
82.000000000	5.962481000	0.000911030
83.000000000	5.972235000	0.000918784
84.000000000	5.981504000	0.000926434
85.000000000	5.991569000	0.000934016
86.000000000	6.001960000	0.000941624
87.000000000	6.012786000	0.000949206
88.000000000	6.023829000	0.000956669
89.000000000	6.035105000	0.000964177
90.000000000	6.046372000	0.000971095
91.000000000	6.056609000	0.000979034
92.000000000	6.066820000	0.000986400
93.000000000	6.076627000	0.000993871
94.000000000	6.081282000	0.001001077
95.000000000	6.086114000	0.001008415
96.000000000	6.093538000	0.001015742
97.000000000	6.101751000	0.001022887
98.000000000	6.110305000	0.001030100
99.000000000	6.119735000	0.001037371
100.000000000	6.128802000	0.001044453
101.000000000	6.136978000	0.001051491
102.000000000	6.145907000	0.001058664
103.000000000	6.155992000	0.001065755
104.000000000	6.165774000	0.001072190
105.000000000	6.175106000	0.001079784
106.000000000	6.184367000	0.001085040
107.000000000	6.190873000	0.001093681
108.000000000	6.198906000	0.001100629
109.000000000	6.208268000	0.001107351
110.000000000	6.217028000	0.001114360
111.000000000	6.225725000	0.001121252
112.000000000	6.236370000	0.001128109
113.000000000	6.245235000	0.001134821
114.000000000	6.245020000	0.001141610
115.000000000	6.251607000	0.001148389
116.000000000	6.259017000	0.001155140
117.000000000	6.264021000	0.001161767
118.000000000	6.271247000	0.001167918
119.000000000	6.279242000	0.001175005
120.000000000	6.287136000	0.001181549
121.000000000	6.295488000	0.001188239
122.000000000	6.303878000	0.001194805
123.000000000	6.311743000	0.001201000
124.000000000	6.319182000	0.001207871
125.000000000	6.327678000	0.001214483
126.000000000	6.335131000	0.001220831
127.000000000	6.341115000	0.001227315
128.000000000	6.347811000	0.001233853
129.000000000	6.355137000	0.001240095
130.000000000	6.361983000	0.001246493
131.000000000	6.369117000	0.001252916
132.000000000	6.375218000	0.001258653
133.000000000	6.382061000	0.001265558
134.000000000	6.389800000	0.001271900
135.000000000	6.397946000	0.001278197
136.000000000	6.406051000	0.001284438
137.000000000	6.413885000	0.001290350
138.000000000	6.420968000	0.001296972
139.000000000	6.428891000	0.001303092
140.000000000	6.436170000	0.001309221
141.000000000	6.444350000	0.001315481
142.000000000	6.450777000	0.001321429
143.000000000	6.456312000	0.001327675
144.000000000	6.462351000	0.001333865
145.000000000	6.467566000	0.001339865
146.000000000	6.472945000	0.001345429
147.000000000	6.479291000	0.001351921
148.000000000	6.485086000	0.001358067
149.000000000	6.492476000	0.001363929
150.000000000	6.500573000	0.001370019
151.000000000	6.504007000	0.001375838
152.000000000	6.508861000	0.001381684
153.000000000	6.514198000	0.001387666
154.000000000	6.519851000	0.001393511
155.000000000	6.524812000	0.001399300
156.000000000	6.530306000	0.001404945
157.000000000	6.536130000	0.001411012
158.000000000	6.542427000	0.001416799
159.000000000	6.550692000	0.001422658
160.000000000	6.558002000	0.001428400
161.000000000	6.564590000	0.001433980
162.000000000	6.571193000	0.001439749
163.000000000	6.576610000	0.001445504
164.000000000	6.581298000	0.001451086
165.000000000	6.586821000	0.001456356
166.000000000	6.592509000	0.001462542
167.000000000	6.599526000	0.001468120
168.000000000	6.605595000	0.001473727
169.000000000	6.612104000	0.001479360
170.000000000	6.618544000	0.001484822
171.000000000	6.623551000	0.001490599
172.000000000	6.628524000	0.001496058
173.000000000	6.631589000	0.001501424
174.000000000	6.636919000	0.001507014
175.000000000	6.637404000	0.001512509
176.000000000	6.641452000	0.001517823
177.000000000	6.646772000	0.001523346
178.000000000	6.652387000	0.001528758
179.000000000	6.656568000	0.001533705
180.000000000	6.661471000	0.001539489
181.000000000	6.665451000	0.001544880
182.000000000	6.669322000	0.001550100
183.000000000	6.672700000	0.001555480
184.000000000	6.677234000	0.001560452
185.000000000	6.681906000	0.001566011
186.000000000	6.685657000	0.001571329
187.000000000	6.690255000	0.001576619
188.000000000	6.694718000	0.001581804
189.000000000	6.698232000	0.001587032
190.000000000	6.703173000	0.001592295
191.000000000	6.707584000	0.001597419
192.000000000	6.704419000	0.001602578
193.000000000	6.708946000	0.001607332
194.000000000	6.713925000	0.001612859
195.000000000	6.717944000	0.001617964
196.000000000	6.722984000	0.001623105
197.000000000	6.728958000	0.001628132
198.000000000	6.734308000	0.001633061
199.000000000	6.740189000	0.001638355
200.000000000	6.745104000	0.001643333
201.000000000	6.750000000	0.001672286
202.000000000	6.755154000	0.001661001
203.000000000	6.760367000	0.001662958
204.000000000	6.765532000	0.001666507
205.000000000	6.771010000	0.001670816
206.000000000	6.776529000	0.001675384
207.000000000	6.780656000	0.001679624
208.000000000	6.784077000	0.001684613
209.000000000	6.788649000	0.001689234
210.000000000	6.792430000	0.001693931
211.000000000	6.797215000	0.001698669
212.000000000	6.802142000	0.001703331
213.000000000	6.806266000	0.001707910
214.000000000	6.810417000	0.001712802
215.000000000	6.815016000	0.001717393
216.000000000	6.819922000	0.001721607
217.000000000	6.824815000	0.001726628
218.000000000	6.829116000	0.001731441
219.000000000	6.832266000	0.001736126
220.000000000	6.835533000	0.001740640
221.000000000	6.840048000	0.001745152
222.000000000	6.844095000	0.001750037
223.000000000	6.847600000	0.001754539
224.000000000	6.852646000	0.001759239
225.000000000	6.857060000	0.001763292
226.000000000	6.862079000	0.001768376
227.000000000	6.867510000	0.001772847
228.000000000	6.872328000	0.001777299
229.000000000	6.866828000	0.001781923
230.000000000	6.871511000	0.001786367
231.000000000	6.876692000	0.001790829
232.000000000	6.880894000	0.001795413
233.000000000	6.885611000	0.001799799
234.000000000	6.889463000	0.001803788
235.000000000	6.894930000	0.001808724
236.000000000	6.899774000	0.001812978
237.000000000	6.904099000	0.001817323
238.000000000	6.909163000	0.001821843
239.000000000	6.911891000	0.001825959
240.000000000	6.915508000	0.001830393
241.000000000	6.918896000	0.001834762
242.000000000	6.922001000	0.001839147
243.000000000	6.926206000	0.001843408
244.000000000	6.929618000	0.001847576
245.000000000	6.933545000	0.001851978
246.000000000	6.937015000	0.001856224
247.000000000	6.941012000	0.001860353
248.000000000	6.945136000	0.001864555
249.000000000	6.949227000	0.001868635
250.000000000	6.953192000	0.001872897
251.000000000	6.957937000	0.001877087
252.000000000	6.962552000	0.001881134
253.000000000	6.966211000	0.001884962
254.000000000	6.971597000	0.001889341
255.000000000	6.975123000	0.001893324
256.000000000	6.979282000	0.001897518
257.000000000	6.984043000	0.001901565
258.000000000	6.987727000	0.001905514
259.000000000	6.993014000	0.001909504
260.000000000	6.998486000	0.001913656
261.000000000	7.001597000	0.001917502
262.000000000	7.004744000	0.001921058
263.000000000	7.007805000	0.001925287
264.000000000	7.011329000	0.001929299
265.000000000	7.015425000	0.001933145
266.000000000	7.019368000	0.001937138
267.000000000	7.022862000	0.001940837
268.000000000	7.026124000	0.001944781
269.000000000	7.029245000	0.001948580
270.000000000	7.032012000	0.001952514
271.000000000	7.036085000	0.001956326
272.000000000	7.038564000	0.001960271
273.000000000	7.041341000	0.001963923
274.000000000	7.044666000	0.001967749
275.000000000	7.046507000	0.001971474
276.000000000	7.048585000	0.001975192
277.000000000	7.050454000	0.001979017
278.000000000	7.054485000	0.001982680
279.000000000	7.058112000	0.001986320
280.000000000	7.062589000	0.001990064
281.000000000	7.066683000	0.001993723
282.000000000	7.071042000	0.001997311
283.000000000	7.075441000	0.002000890
284.000000000	7.077593000	0.002004521
285.000000000	7.080515000	0.002008062
286.000000000	7.082940000	0.002011734
287.000000000	7.085769000	0.002015209
288.000000000	7.088183000	0.002018751
289.000000000	7.091016000	0.002022302
290.000000000	7.093281000	0.002025664
291.000000000	7.095859000	0.002029247
292.000000000	7.099217000	0.002032799
293.000000000	7.104911000	0.002036153
294.000000000	7.107334000	0.002039280
295.000000000	7.111594000	0.002043129
296.000000000	7.115106000	0.002046522
297.000000000	7.118414000	0.002049858
298.000000000	7.120656000	0.002053321
299.000000000	7.123789000	0.002056592
300.000000000	7.128102000	0.002059960
301.000000000	7.132914000	0.002063271
302.000000000	7.134665000	0.002066667
303.000000000	7.135103000	0.002069916
304.000000000	7.138554000	0.002073202
305.000000000	7.142216000	0.002076474
306.000000000	7.145510000	0.002079772
307.000000000	7.149215000	0.002082968
308.000000000	7.151373000	0.002085789
309.000000000	7.154013000	0.002089362
310.000000000	7.156350000	0.002092548
311.000000000	7.158666000	0.002095688
312.000000000	7.161885000	0.002098846
313.000000000	7.165376000	0.002101898
314.000000000	7.167372000	0.002105049
315.000000000	7.170218000	0.002108164
316.000000000	7.172720000	0.002111258
317.000000000	7.175829000	0.002113954
318.000000000	7.178655000	0.002117398
319.000000000	7.181381000	0.002120346
320.000000000	7.183221000	0.002123355
321.000000000	7.185500000	0.002126359
322.000000000	7.187728000	0.002129121
323.000000000	7.188615000	0.002132087
324.000000000	7.191696000	0.002135095
325.000000000	7.194668000	0.002137872
326.000000000	7.197520000	0.002140806
327.000000000	7.200274000	0.002143741
328.000000000	7.202879000	0.002146601
329.000000000	7.205268000	0.002149336
330.000000000	7.203188000	0.002152320
331.000000000	7.204885000	0.002154867
332.000000000	7.207494000	0.002157755
333.000000000	7.211526000	0.002160574
334.000000000	7.212320000	0.002163309
335.000000000	7.214947000	0.002166025
336.000000000	7.217005000	0.002168879
337.000000000	7.218760000	0.002171435
338.000000000	7.219933000	0.002174124
339.000000000	7.222168000	0.002176854
340.000000000	7.223513000	0.002179404
341.000000000	7.226926000	0.002182225
342.000000000	7.229475000	0.002184786
343.000000000	7.232769000	0.002187296
344.000000000	7.235437000	0.002189936
345.000000000	7.238578000	0.002192414
346.000000000	7.245626000	0.002195063
347.000000000	7.247801000	0.002197627
348.000000000	7.251647000	0.002200089
349.000000000	7.250196000	0.002202304
350.000000000	7.251694000	0.002204994
351.000000000	7.255223000	0.002207383
352.000000000	7.255656000	0.002209864
353.000000000	7.258390000	0.002212336
354.000000000	7.260610000	0.002214654
355.000000000	7.263922000	0.002217031
356.000000000	7.265370000	0.002219397
357.000000000	7.266973000	0.002221754
358.000000000	7.270508000	0.002223785
359.000000000	7.273104000	0.002226415
360.000000000	7.273973000	0.002228578
361.000000000	7.276164000	0.002230784
362.000000000	7.278581000	0.002233041
363.000000000	7.281918000	0.002235050
364.000000000	7.285030000	0.002237483
365.000000000	7.288041000	0.002239562
366.000000000	7.290843000	0.002241656
367.000000000	7.292774000	0.002243730
368.000000000	7.295472000	0.002245877
369.000000000	7.295077000	0.002248022
370.000000000	7.296495000	0.002250031
371.000000000	7.299686000	0.002252191
372.000000000	7.302413000	0.002254205
373.000000000	7.306190000	0.002256005
374.000000000	7.308431000	0.002258096
375.000000000	7.312188000	0.002259960
376.000000000	7.313198000	0.002261899
377.000000000	7.315753000	0.002263778
378.000000000	7.318566000	0.002265663
379.000000000	7.321325000	0.002267568
380.000000000	7.323949000	0.002269555
381.000000000	7.326509000	0.002271532
382.000000000	7.328009000	0.002273373
383.000000000	7.328397000	0.002275456
384.000000000	7.330591000	0.002277558
385.000000000	7.332546000	0.002279467
386.000000000	7.334352000	0.002281399
387.000000000	7.336043000	0.002283190
388.000000000	7.338391000	0.002285122
389.000000000	7.340896000	0.002287024
390.000000000	7.343164000	0.002288820
391.000000000	7.345212000	0.002290343
392.000000000	7.348560000	0.002292273
393.000000000	7.349679000	0.002293979
394.000000000	7.353979000	0.002295688
395.000000000	7.357570000	0.002297406
396.000000000	7.360072000	0.002298937
397.000000000	7.363201000	0.002300588
398.000000000	7.362691000	0.002302237
399.000000000	7.362041000	0.002303976
400.000000000	7.364832000	0.002305160
401.000000000	7.368248000	0.002306905
402.000000000	7.365315000	0.002308223
403.000000000	7.367572000	0.002309693
404.000000000	7.368035000	0.002311181
405.000000000	7.369859000	0.002312671
406.000000000	7.371225000	0.002313982
407.000000000	7.372627000	0.002315458
408.000000000	7.374465000	0.002316750
409.000000000	7.377219000	0.002317693
410.000000000	7.380435000	0.002319052
411.000000000	7.382613000	0.002320260
412.000000000	7.381541000	0.002321443
413.000000000	7.385126000	0.002322619
414.000000000	7.389668000	0.002323621
415.000000000	7.392381000	0.002324829
416.000000000	7.395755000	0.002326146
417.000000000	7.399475000	0.002327155
418.000000000	7.403367000	0.002328400
419.000000000	7.408045000	0.002329395
420.000000000	7.403975000	0.002330574
421.000000000	7.404152000	0.002331946
422.000000000	7.408198000	0.002332897
423.000000000	7.413957000	0.002333614
424.000000000	7.418818000	0.002334777
425.000000000	7.420116000	0.002336352
426.000000000	7.421380000	0.002337809
427.000000000	7.422485000	0.002339098
428.000000000	7.422346000	0.002340623
429.000000000	7.422533000	0.002341801
430.000000000	7.424684000	0.002342981
431.000000000	7.427536000	0.002344098
432.000000000	7.430612000	0.002344916
433.000000000	7.434291000	0.002345909
434.000000000	7.438350000	0.002346914
435.000000000	7.431896000	0.002347832
436.000000000	7.440036000	0.002348896
437.000000000	7.444501000	0.002349638
438.000000000	7.448350000	0.002350298
439.000000000	7.452665000	0.002351202
440.000000000	7.457670000	0.002352179
441.000000000	7.459628000	0.002352859
442.000000000	7.462790000	0.002353932
443.000000000	7.464986000	0.002354765
444.000000000	7.467338000	0.002355890
445.000000000	7.472709000	0.002357037
446.000000000	7.431938000	0.002358325
447.000000000	7.430335000	0.002359570
448.000000000	7.429681000	0.002360854
449.000000000	7.430597000	0.002362033
450.000000000	7.429892000	0.002362961
451.000000000	7.430382000	0.002364167
452.000000000	7.430974000	0.002365070
453.000000000	7.430787000	0.002366180
454.000000000	7.430518000	0.002367195
455.000000000	7.429986000	0.002368118
456.000000000	7.428624000	0.002369126
457.000000000	7.418646000	0.002370321
458.000000000	7.416155000	0.002371536
459.000000000	7.413731000	0.002372736
460.000000000	7.413563000	0.002373723
461.000000000	7.413371000	0.002374644
462.000000000	7.413890000	0.002375486
463.000000000	7.415371000	0.002376313
464.000000000	7.415314000	0.002376883
465.000000000	7.416493000	0.002377663
466.000000000	7.417573000	0.002378300
467.000000000	7.417413000	0.002379059
468.000000000	7.418511000	0.002379574
469.000000000	7.419806000	0.002380136
470.000000000	7.421547000	0.002380389
471.000000000	7.425754000	0.002380654
472.000000000	7.430436000	0.002380591
473.000000000	7.431680000	0.002380648
474.000000000	7.434920000	0.002381000
475.000000000	7.438314000	0.002381036
476.000000000	7.441634000	0.002381077
477.000000000	7.448298000	0.002380849
478.000000000	7.452539000	0.002380517
479.000000000	7.455197000	0.002380699
480.000000000	7.454150000	0.002381463
481.000000000	7.450068000	0.002382680
482.000000000	7.445068000	0.002383436
483.000000000	7.440973000	0.002384479
484.000000000	7.437215000	0.002385400
485.000000000	7.435895000	0.002386003
486.000000000	7.435346000	0.002386656
487.000000000	7.434507000	0.002387090
488.000000000	7.431838000	0.002387462
489.000000000	7.432187000	0.002387842
490.000000000	7.430146000	0.002388135
491.000000000	7.415225000	0.002388398
492.000000000	7.411407000	0.002394937
493.000000000	2.792860000	0.002429374
494.000000000	2.794241000	0.002485496
495.000000000	2.797916000	0.002533443
496.000000000	2.802178000	0.002566772
497.000000000	2.804391000	0.002589609
498.000000000	2.806372000	0.002605673
499.000000000	2.808372000	0.002617541
500.000000000	2.810526000	0.002626329
501.000000000	2.812476000	0.002633491
502.000000000	2.814287000	0.002639289
503.000000000	2.816287000	0.002644260
504.000000000	2.818174000	0.002648350
505.000000000	2.819828000	0.002651782
506.000000000	2.821825000	0.002655046
507.000000000	2.823498000	0.002657797
508.000000000	2.825263000	0.002660291
509.000000000	2.827123000	0.002662564
510.000000000	2.828988000	0.002664816
511.000000000	2.830575000	0.002666770
512.000000000	2.832498000	0.002668584
513.000000000	2.834252000	0.002670140
514.000000000	2.835942000	0.002671720
515.000000000	2.837833000	0.002673240
516.000000000	2.839492000	0.002674623
517.000000000	2.841308000	0.002675979
518.000000000	2.843089000	0.002677217
519.000000000	2.844829000	0.002678359
520.000000000	2.846671000	0.002679663
521.000000000	2.848512000	0.002680569
522.000000000	2.850108000	0.002681578
523.000000000	2.852019000	0.002682389
524.000000000	2.853709000	0.002683583
525.000000000	2.855252000	0.002684338
526.000000000	2.857132000	0.002685349
527.000000000	2.858663000	0.002686166
528.000000000	2.860445000	0.002686910
529.000000000	2.862257000	0.002687799
530.000000000	2.864027000	0.002688533
531.000000000	2.865697000	0.002689202
532.000000000	2.867526000	0.002689885
533.000000000	2.869305000	0.002690635
534.000000000	2.870846000	0.002691236
535.000000000	2.872579000	0.002691974
536.000000000	2.874157000	0.002692442
537.000000000	2.875886000	0.002692973
538.000000000	2.877687000	0.002693583
539.000000000	2.879224000	0.002694066
540.000000000	2.880929000	0.002694646
541.000000000	2.882650000	0.002695092
542.000000000	2.884258000	0.002695600
543.000000000	2.885908000	0.002696130
544.000000000	2.887770000	0.002696604
545.000000000	2.889399000	0.002696846
546.000000000	2.891161000	0.002697158
547.000000000	2.893064000	0.002697549
548.000000000	2.894685000	0.002697714
549.000000000	2.896501000	0.002698071
550.000000000	2.898339000	0.002698244
551.000000000	2.900214000	0.002698346
552.000000000	2.902136000	0.002698661
553.000000000	2.903939000	0.002698674
554.000000000	2.906024000	0.002698818
555.000000000	2.907933000	0.002699009
556.000000000	2.909565000	0.002699057
557.000000000	2.911319000	0.002699217
558.000000000	2.912968000	0.002699266
559.000000000	2.914726000	0.002699238
560.000000000	2.916296000	0.002699507
561.000000000	2.918163000	0.002699547
562.000000000	2.919757000	0.002699488
563.000000000	2.921413000	0.002699650
564.000000000	2.923136000	0.002699637
565.000000000	2.924731000	0.002699578
566.000000000	2.926544000	0.002699471
567.000000000	2.928554000	0.002699363
568.000000000	2.929994000	0.002699318
569.000000000	2.931500000	0.002699422
570.000000000	2.933378000	0.002699270
571.000000000	2.935132000	0.002699077
572.000000000	2.937318000	0.002698788
573.000000000	2.939159000	0.002698575
574.000000000	2.941036000	0.002698270
575.000000000	2.943027000	0.002698042
576.000000000	2.945208000	0.002697644
577.000000000	2.947088000	0.002697165
578.000000000	2.949231000	0.002696796
579.000000000	2.951457000	0.002696434
580.000000000	2.953039000	0.002696047
581.000000000	2.954906000	0.002695654
582.000000000	2.956828000	0.002695305
583.000000000	2.957756000	0.002695088
584.000000000	2.959381000	0.002694866
585.000000000	2.961658000	0.002694240
586.000000000	2.963913000	0.002693434
587.000000000	2.966724000	0.002692758
588.000000000	2.968699000	0.002692120
589.000000000	2.970555000	0.002691478
590.000000000	2.972595000	0.002691074
591.000000000	2.972704000	0.002691048
592.000000000	2.973384000	0.002691142
593.000000000	2.974680000	0.002690780
594.000000000	2.975424000	0.002690601
595.000000000	2.976340000	0.002690513
596.000000000	2.977532000	0.002690201
597.000000000	2.978723000	0.002689825
598.000000000	2.980281000	0.002689413
599.000000000	2.982043000	0.002688750
600.000000000	2.983980000	0.002687925
601.000000000	2.985923000	0.002687259
602.000000000	2.988143000	0.002686472
603.000000000	2.989731000	0.002685739
604.000000000	2.991461000	0.002685167
605.000000000	2.993066000	0.002684324
606.000000000	2.994630000	0.002683821
607.000000000	2.995080000	0.002683506
608.000000000	2.996184000	0.002682922
609.000000000	2.997738000	0.002682283
610.000000000	2.999572000	0.002681432
611.000000000	3.001216000	0.002680513
612.000000000	3.003055000	0.002679606
613.000000000	3.005048000	0.002678840
614.000000000	3.006584000	0.002677898
615.000000000	3.008458000	0.002676966
616.000000000	3.010345000	0.002675995
617.000000000	3.011861000	0.002675037
618.000000000	3.013821000	0.002674046
619.000000000	3.015846000	0.002672934
620.000000000	3.017593000	0.002671772
621.000000000	3.019778000	0.002670584
622.000000000	3.021927000	0.002669307
623.000000000	3.024024000	0.002668036
624.000000000	3.025935000	0.002667053
625.000000000	3.027222000	0.002666010
626.000000000	3.028504000	0.002665009
627.000000000	3.030244000	0.002664029
628.000000000	3.032203000	0.002662744
629.000000000	3.034001000	0.002661348
630.000000000	3.035877000	0.002660262
631.000000000	3.038022000	0.002658824
632.000000000	3.040459000	0.002657237
633.000000000	3.043098000	0.002655671
634.000000000	3.044698000	0.002654439
635.000000000	3.045954000	0.002653275
636.000000000	3.047848000	0.002651984
637.000000000	3.050025000	0.002650583
638.000000000	3.052007000	0.002649028
639.000000000	3.053942000	0.002647587
640.000000000	3.056194000	0.002646003
641.000000000	3.058167000	0.002644444
642.000000000	3.059897000	0.002643225
643.000000000	3.061426000	0.002641923
644.000000000	3.063403000	0.002640399
645.000000000	3.065968000	0.002638759
646.000000000	3.068329000	0.002636851
647.000000000	3.070578000	0.002635111
648.000000000	3.073071000	0.002633595
649.000000000	3.074817000	0.002631966
650.000000000	3.076287000	0.002630462
651.000000000	3.077563000	0.002629333
652.000000000	3.079062000	0.002627883
653.000000000	3.079868000	0.002626756
654.000000000	3.081470000	0.002625258
655.000000000	3.083594000	0.002623487
656.000000000	3.085728000	0.002621864
657.000000000	3.088157000	0.002619991
658.000000000	3.090096000	0.002618028
659.000000000	3.092482000	0.002616236
660.000000000	3.094875000	0.002614303
661.000000000	3.097083000	0.002612233
662.000000000	3.098948000	0.002610520
663.000000000	3.100971000	0.002608729
664.000000000	3.102538000	0.002606966
665.000000000	3.104267000	0.002605528
666.000000000	3.105907000	0.002603752
667.000000000	3.107654000	0.002601896
668.000000000	3.109685000	0.002600306
669.000000000	3.111526000	0.002598417
670.000000000	3.113309000	0.002596515
671.000000000	3.115144000	0.002594934
672.000000000	3.117003000	0.002593062
673.000000000	3.118950000	0.002591016
674.000000000	3.121142000	0.002589170
675.000000000	3.123085000	0.002587215
676.000000000	3.124748000	0.002585294
677.000000000	3.126962000	0.002583424
678.000000000	3.128825000	0.002581335
679.000000000	3.130871000	0.002579370
680.000000000	3.132976000	0.002577448
681.000000000	3.134713000	0.002575424
682.000000000	3.136534000	0.002573476
683.000000000	3.138589000	0.002571567
684.000000000	3.140475000	0.002569569
685.000000000	3.142126000	0.002567765
686.000000000	3.143900000	0.002565873
687.000000000	3.145383000	0.002564056
688.000000000	3.147288000	0.002562201
689.000000000	3.149235000	0.002560018
690.000000000	3.151222000	0.002557926
691.000000000	3.153147000	0.002555970
692.000000000	3.154896000	0.002554161
693.000000000	3.156229000	0.002552208
694.000000000	3.156025000	0.002551363
695.000000000	3.156742000	0.002549930
696.000000000	3.158151000	0.002548084
697.000000000	3.159883000	0.002546244
698.000000000	3.161329000	0.002544334
699.000000000	3.162950000	0.002542372
700.000000000	3.164821000	0.002540437
